0.000000000000000000e+00
2.991944764096662965e-03
6.271576524741081377e-03
9.551208285385500221e-03
1.300345224395857251e-02
1.611047180667433965e-02
1.921749136939010505e-02
2.278481012658227847e-02
2.600690448791714501e-02
2.940161104718066673e-02
3.302646720368239419e-02
3.688147295742232740e-02
4.062140391254315253e-02
4.424626006904487652e-02
4.787111622554660745e-02
5.184119677790564179e-02
5.552359033371691288e-02
5.914844649021864381e-02
6.311852704257767122e-02
6.714614499424625960e-02
7.123130034522440202e-02
7.531645569620253056e-02
7.945914844649021314e-02
8.394706559263520607e-02
8.895281933256617146e-02
9.286536248561565177e-02
9.649021864211737576e-02
1.005178365937859641e-01
1.047756041426927548e-01
1.093785960874568419e-01
1.140391254315304970e-01
1.185270425776754899e-01
1.232451093210586851e-01
1.277905638665132459e-01
1.319907940161104687e-01
1.363636363636363535e-01
1.409090909090909005e-01
1.461449942462600682e-01
1.506904487917146152e-01
1.550057537399309460e-01
1.600115074798618975e-01
1.648446490218642146e-01
1.695051783659378697e-01
1.746260069044879293e-01
1.788262370540851520e-01
1.837169159953969955e-01
1.884349827387802045e-01
1.934982738780207101e-01
1.992520138089758364e-01
2.050057537399309626e-01
2.101265822784810222e-01
2.163406214039125530e-01
2.226697353279631642e-01
2.289413118527042490e-01
2.359033371691599545e-01
2.421173762945914854e-01
2.488492520138089747e-01
2.560414269275028687e-01
2.645569620253164778e-01
2.712888377445339394e-01
2.776179516685846060e-01
2.850402761795166606e-01
2.936708860759493778e-01
3.041426927502877131e-01
3.140966628308400344e-01
3.220368239355581030e-01
3.330840046029919232e-01
3.407364787111622495e-01
3.509205983889528424e-01
3.607594936708860556e-01
3.699079401611047313e-01
3.811277330264671859e-01
3.897008055235903212e-01
3.997123130034522243e-01
4.104142692750287758e-01
4.203682393555811525e-01
4.312428078250862828e-01
4.413118527042577677e-01
4.546029919447641121e-01
4.670886075949367000e-01
4.783084004602992101e-01
4.921173762945914576e-01
5.022439585730724687e-01
5.168584579976984728e-01
5.328538550057537737e-01
5.474683544303797778e-01
5.629459148446490646e-01
5.798043728423475374e-01
5.915420023014960060e-01
6.084004602991944788e-01
6.288837744533947172e-01
6.468929804372842707e-01
6.707710011507479475e-01
6.975258918296892707e-01
7.245109321058688101e-01
7.485040276179516505e-01
7.747986191024165414e-01
8.227848101265823333e-01
8.666283084004603454e-01
9.200805523590334101e-01
9.844073647871116606e-01
1.000000000000000000e+00
