0.000000000000000000e+00
2.555511386222954120e-03
5.167811914361973742e-03
7.950479868249191173e-03
1.061956953830427673e-02
1.340223749219149330e-02
1.624169458799477536e-02
1.925151910954625567e-02
2.197739792151740673e-02
2.498722244306888357e-02
2.788346868078823287e-02
3.089329320233971318e-02
3.384632858197512972e-02
3.651541825203021008e-02
3.929808620591743185e-02
4.213754330172071044e-02
4.514736782327218728e-02
4.815719234482367106e-02
5.116701686637514790e-02
5.446078709750695745e-02
5.712987676756204475e-02
6.019649043102958536e-02
6.320631495258106913e-02
6.672724175137713376e-02
7.047532511783746734e-02
7.359872792322108559e-02
7.694928729626895891e-02
8.069737066272929249e-02
8.427508660344142088e-02
8.785280254415356316e-02
9.165767505252996050e-02
9.540575841899029408e-02
9.886989607587029494e-02
1.030155034357430888e-01
1.069907433698676774e-01
1.114770855812368677e-01
1.159066386506899943e-01
1.196547220171503140e-01
1.236867510931909803e-01
1.274348344596513138e-01
1.316372309614401714e-01
1.359532057470611566e-01
1.399852348231018229e-01
1.450394684536316647e-01
1.500937020841615066e-01
1.548639900051110296e-01
1.599750127775569353e-01
1.658810835368277614e-01
1.712760520188539859e-01
1.762734965074677640e-01
1.816116758475779525e-01
1.867226986200238581e-01
1.926287693792946842e-01
1.994434664092225584e-01
2.052359588846612570e-01
2.109148730762678281e-01
2.169913112612868455e-01
2.218751774660684961e-01
2.286330853540803065e-01
2.359588846612527546e-01
2.416377988528593257e-01
2.477710261797944347e-01
2.540178317905616434e-01
2.606621613947412985e-01
2.669089670055085350e-01
2.731557726162757715e-01
2.801408370719518648e-01
2.882048952240331419e-01
2.960417968084502194e-01
3.043898006701118986e-01
3.127378045317735222e-01
3.225055369413368234e-01
3.326140042023965071e-01
3.408484297802260032e-01
3.492532227838037184e-01
3.596456357544437488e-01
3.702652052927480342e-01
3.826452382304503241e-01
3.929240729172582269e-01
4.038843773070588949e-01
4.158668862513487663e-01
4.301209608722812439e-01
4.421034698165710597e-01
4.524958827872110900e-01
4.672042705434720777e-01
4.808336646033278261e-01
4.977000397523993480e-01
5.141688909080583958e-01
5.325117837469476312e-01
5.510818331535010106e-01
5.684593105798171342e-01
5.949798398546197742e-01
6.193423817366119355e-01
6.391050031234027928e-01
6.612527684706683839e-01
6.891930262933727569e-01
7.204270543472087729e-01
7.571128400249872437e-01
8.014651598614345174e-01
8.620591742858765283e-01
9.603611789425862133e-01
1.000000000000000000e+00
