0.000000000000000000e+00
3.276050347721133540e-03
6.552100695442267080e-03
9.655727340651761373e-03
1.298925225587677437e-02
1.615035346859014856e-02
1.965630208632680037e-02
2.304730156905569413e-02
2.655325018679234594e-02
2.982930053451347818e-02
3.322030001724236847e-02
3.643887579745962169e-02
4.005977355020403502e-02
4.356572216794068336e-02
4.724409448818897572e-02
5.080751767342951003e-02
5.477326283119719752e-02
5.839416058394160391e-02
6.230243117420541238e-02
6.598080349445370474e-02
6.954422667969423211e-02
7.350997183746192654e-02
7.753319156273348611e-02
8.172883499051669665e-02
8.621185125581930231e-02
9.017759641358698286e-02
9.408586700385079826e-02
9.799413759411459979e-02
1.025921029944249635e-01
1.068452209897120531e-01
1.112707626875107797e-01
1.154664061152939764e-01
1.200068969481004610e-01
1.251221334559457499e-01
1.296626242887522207e-01
1.342605896890625983e-01
1.394907753319156174e-01
1.444335881372492691e-01
1.492614518075751351e-01
1.542042646129087868e-01
1.592620265532501966e-01
1.643197884935915787e-01
1.694350250014368675e-01
1.740904649692510964e-01
1.785160066670498369e-01
1.839186160124144931e-01
1.894936490602908141e-01
1.951261566756710142e-01
2.011035116960744884e-01
2.064486464739352933e-01
2.124260014943387676e-01
2.174262888671762706e-01
2.224265762400138013e-01
2.289786769354560658e-01
2.354733030633944513e-01
2.423702511638599899e-01
2.486349790217828593e-01
2.561066727972872159e-01
2.624863497902178433e-01
2.698430944307144141e-01
2.790964997988389928e-01
2.876027357894131997e-01
2.958215989424679560e-01
3.057072245531352594e-01
3.145008333812288059e-01
3.235243404793378685e-01
3.318006781998965593e-01
3.405368124604862268e-01
3.485832519110293459e-01
3.582389792516811333e-01
3.664003678372320105e-01
3.760560951778837979e-01
3.839301109259152800e-01
3.931260417265360352e-01
4.041611586872808637e-01
4.151962756480257477e-01
4.271509856888326961e-01
4.401402379447094670e-01
4.542215069831599394e-01
4.661187424564630088e-01
4.816368756825105124e-01
4.941088568308523721e-01
5.087073969768377557e-01
5.218115983677222847e-01
5.356629691361572965e-01
5.493993907695844392e-01
5.630783378355077584e-01
5.789987930340824152e-01
5.977929766078510232e-01
6.183113972067360020e-01
6.371630553480085446e-01
6.572791539743663147e-01
6.771653543307086798e-01
7.014770963848496743e-01
7.286050922466807966e-01
7.619403413989309648e-01
7.947583194436461662e-01
8.298178056210127052e-01
8.806253232944422082e-01
9.363756537732053076e-01
9.932754756020460984e-01
1.000000000000000000e+00
