0.000000000000000000e+00
4.582283388253537842e-02
7.904632680752084195e-02
1.216127156425663852e-01
1.689087032370614472e-01
2.053886412095367320e-01
2.340376041868579282e-01
2.609808102345415604e-01
2.880015506881178355e-01
3.092847451056406349e-01
3.271951928668346832e-01
3.467338631517736247e-01
3.662337662337662447e-01
3.836790075596046012e-01
4.025198681915099774e-01
4.173677069199457357e-01
4.336111649544485136e-01
4.468307811591393786e-01
4.617173870905214028e-01
4.760612521806551478e-01
4.882729211087419863e-01
5.000193836014731330e-01
5.124248885442915791e-01
5.248303934871099141e-01
5.366931575886799699e-01
5.485946888931964027e-01
5.590618336886993278e-01
5.696840472959875390e-01
5.810816049622019586e-01
5.914712153518123516e-01
6.027912386121341282e-01
6.117852296956775016e-01
6.202364799379724847e-01
6.296569102539252283e-01
6.385345997286295816e-01
6.476836596239581301e-01
6.573754603605349578e-01
6.655165729792595908e-01
6.740453576274472169e-01
6.825741422756348431e-01
6.897460748207017156e-01
6.971893777863926722e-01
7.057181624345802984e-01
7.139755766621438404e-01
7.208761387865865178e-01
7.279705369257608583e-01
7.344446598177941654e-01
7.413452219422368428e-01
7.478581120372165270e-01
7.549137429734444904e-01
7.621244427214576289e-01
7.693739096724171445e-01
7.754215933320410814e-01
7.817406474122892135e-01
7.874781934483426893e-01
7.932545066873425421e-01
7.996510951734832062e-01
8.056987788331071432e-01
8.115913936809459051e-01
8.169025004845900106e-01
8.223299088970730253e-01
8.277573173095561510e-01
8.333785617367707177e-01
8.383795309168443621e-01
8.435355689087031816e-01
8.484977708858305601e-01
8.536150416747431136e-01
8.582283388253537648e-01
8.635782128319441364e-01
8.683078115913936967e-01
8.733087807714673412e-01
8.781546811397558105e-01
8.827679782903663508e-01
8.874200426439232681e-01
8.922659430122116264e-01
8.971506105834463618e-01
9.017251405311106360e-01
9.061058344640434692e-01
9.108742004264391845e-01
9.154487303741034587e-01
9.199844931188214670e-01
9.246365574723783842e-01
9.289784842023648403e-01
9.339794533824384848e-01
9.377398720682302846e-01
9.423531692188408249e-01
9.468113975576661900e-01
9.509207210699748281e-01
9.548749757704981800e-01
9.586741616592362458e-01
9.625896491568133317e-01
9.667377398720682358e-01
9.700717193254506654e-01
9.735220003876720041e-01
9.773211862764101809e-01
9.809265361504166947e-01
9.848807908509401576e-01
9.886024423337855804e-01
9.925179298313626663e-01
9.961232797053692911e-01
9.993021903469664347e-01
1.000000000000000000e+00
