3.865780114427091096e-05
8.396474408535642420e-02
1.452373588990258368e-01
1.912014844595639473e-01
2.313282820473171464e-01
2.639941240142260614e-01
2.934513684861604910e-01
3.183083346219267029e-01
3.442863769908767746e-01
3.675970310808721053e-01
3.887428483067882912e-01
4.093087985155404174e-01
4.296041441162826713e-01
4.481598886655326908e-01
4.650533477655791059e-01
4.808643884335859209e-01
4.947425390443791482e-01
5.089299520643265629e-01
5.245863615277562841e-01
5.362610174733261070e-01
5.474331220040203894e-01
5.601901963816298124e-01
5.698933044688417882e-01
5.821864852327199857e-01
5.934359053657027872e-01
6.037961960723674526e-01
6.133446729550022791e-01
6.240915416731096510e-01
6.352636462038039333e-01
6.448121230864388709e-01
6.537034173496211187e-01
6.630972630276790181e-01
6.707515076542446275e-01
6.793335395082727990e-01
6.872970465439925958e-01
6.953378691820009116e-01
7.037266120303077299e-01
7.116901190660275267e-01
7.184938920674192042e-01
7.251043760630895285e-01
7.319854646667697251e-01
7.380160816452759898e-01
7.440466986237822544e-01
7.507344982217410978e-01
7.567651152002473625e-01
7.628343899798979422e-01
7.695608473790011006e-01
7.760167001700942757e-01
7.824725529611875618e-01
7.876526983145198946e-01
7.929874748724292655e-01
7.992500386578011984e-01
8.048167620225761265e-01
8.098036183701871060e-01
8.151770527292407920e-01
8.200479356734189373e-01
8.252667388278954741e-01
8.305241997835163259e-01
8.352404515231173221e-01
8.397634142569970761e-01
8.447889284057522596e-01
8.496984691510747201e-01
8.544533786918200313e-01
8.593242616359981767e-01
8.641951445801763221e-01
8.688340807174887992e-01
8.733570434513684422e-01
8.777253749806710470e-01
8.823643111179836351e-01
8.866166692438534058e-01
8.908690273697231765e-01
8.953919901036029305e-01
8.997603216329055353e-01
9.040126797587753060e-01
9.078011442709138512e-01
9.116669243853409155e-01
9.154553888974794607e-01
9.194371424153394701e-01
9.231482913251893851e-01
9.270140714396165604e-01
9.308798515540436247e-01
9.351708674810577104e-01
9.391139631977732938e-01
9.425158496984691325e-01
9.463043142106076777e-01
9.503247255296118912e-01
9.537266120303077299e-01
9.570125251275707345e-01
9.603370960259780542e-01
9.637776403278182080e-01
9.671795268285140468e-01
9.705814133292098855e-01
9.737126952218957410e-01
9.769986083191588566e-01
9.804004948198546954e-01
9.836090923148291809e-01
9.867790320086593514e-01
9.897943404979124837e-01
9.933508582031853607e-01
9.962888510901499739e-01
9.988789237668161958e-01
1.000000000000000000e+00
