5.313213963126295141e-05
1.223633175707985743e-01
1.906912491366027362e-01
2.346315286116572030e-01
2.800595079963870138e-01
3.219276340258221958e-01
3.501939323096541212e-01
3.807980447372615873e-01
4.054513575261675662e-01
4.328675415758992395e-01
4.610275755804686404e-01
4.762764996546410834e-01
4.966792412730460793e-01
5.152223580043567841e-01
5.320652462674672067e-01
5.484830774135274201e-01
5.602252802720365521e-01
5.746240901121087985e-01
5.881196535784496415e-01
6.015089527655278490e-01
6.134105520429308234e-01
6.274905690452154960e-01
6.387545826470432120e-01
6.503373890866585016e-01
6.609638170129110701e-01
6.728122841506827267e-01
6.826948621220976232e-01
6.928962329313000934e-01
7.025662823441900517e-01
7.102173104510918211e-01
7.170182243238935049e-01
7.238191381966951887e-01
7.307794484883906039e-01
7.372084373837733962e-01
7.444875405132564961e-01
7.507040008501142392e-01
7.567079326284469332e-01
7.638276393390361907e-01
7.706285532118378745e-01
7.768450135486956176e-01
7.831677381648158853e-01
7.894904627809361530e-01
7.951224695818500665e-01
7.996387014505074164e-01
8.060145582062590019e-01
8.104776579352850341e-01
8.157377397587800560e-01
8.217948036767440678e-01
8.272142819191329322e-01
8.315179852292652329e-01
8.373625205887040845e-01
8.412942989214176048e-01
8.454917379522873810e-01
8.499017055416822064e-01
8.542054088518145072e-01
8.575527336485839758e-01
8.618033048190850698e-01
8.664258009670049443e-01
8.703575792997183536e-01
8.741299612135380315e-01
8.776898145688326602e-01
8.819935178789649610e-01
8.854471069549970652e-01
8.894851495669731101e-01
8.935763243185803617e-01
8.975612347909249777e-01
9.009085595876945574e-01
9.044684129429891861e-01
9.080282662982838149e-01
9.114818553743159191e-01
9.148823123107167055e-01
9.181233728282237605e-01
9.213113012060996088e-01
9.246586260028691884e-01
9.278996865203761324e-01
9.311407470378831874e-01
9.344349396950215603e-01
9.373572073747409306e-01
9.403857393337229365e-01
9.434142712927049423e-01
9.465490675309494728e-01
9.494713352106689541e-01
9.523936028903884354e-01
9.552627384304765989e-01
9.582381382498272870e-01
9.611072737899155616e-01
9.637107486318473581e-01
9.663673556134105835e-01
9.687583018968173310e-01
9.735933266032623656e-01
9.758780086074065885e-01
9.779501620530258732e-01
9.805005047553264630e-01
9.828914510387333214e-01
9.853886616014027044e-01
9.877796078848095629e-01
9.901705541682163103e-01
9.924552361723606442e-01
9.943679931990860865e-01
9.966526752032304204e-01
9.989373572073747543e-01
1.000000000000000000e+00
