5.396071659831642374e-05
1.278868983380099245e-01
1.808763220375566583e-01
2.461687891215195434e-01
2.843190157565292364e-01
3.234405352903086395e-01
3.533887330023742779e-01
3.827433628318583914e-01
4.040038851715950785e-01
4.235376645801856021e-01
4.445283833369307325e-01
4.618497733649902792e-01
4.784157133606734558e-01
4.966544355709043845e-01
5.120332398014245667e-01
5.280056119145262183e-01
5.440319447442262257e-01
5.580617310597885128e-01
5.743578674724800770e-01
5.856896179581264628e-01
6.005288150226635313e-01
6.138031513058493926e-01
6.283185840707964376e-01
6.378696309086984151e-01
6.500647528599179381e-01
6.604791711633930529e-01
6.689510036693286921e-01
6.770990718756745297e-01
6.857327865314051252e-01
6.948521476365205896e-01
7.027304122598747593e-01
7.127131448305633610e-01
7.218864666522771811e-01
7.291711633930498815e-01
7.378048780487804770e-01
7.435247140082020811e-01
7.517807036477444083e-01
7.592272825383120649e-01
7.654327649471185380e-01
7.722857759551047252e-01
7.793006691128858687e-01
7.851823872221023182e-01
7.906324195985322545e-01
7.954888840923807214e-01
8.014245629181955266e-01
8.071983595942153755e-01
8.116231383552773293e-01
8.173429743146989335e-01
8.225771638247355577e-01
8.267860997194043104e-01
8.309410748974745964e-01
8.356896179581264628e-01
8.402223181523850171e-01
8.450248219296352392e-01
8.489639542413123241e-01
8.543600259011440157e-01
8.592704511115907273e-01
8.630477012734729669e-01
8.673645586013382092e-01
8.716274552126052066e-01
8.751349017914957784e-01
8.791819555363695748e-01
8.833369307144398608e-01
8.871681415929203451e-01
8.918627239369738557e-01
8.955860133822577396e-01
8.988236563781567545e-01
9.023850636736455710e-01
9.058925102525361428e-01
9.099935247140081840e-01
9.136088927260953563e-01
9.165227714224044586e-01
9.199222965680984299e-01
9.234837038635873574e-01
9.265594647096913050e-01
9.294193826894021626e-01
9.322793006691129092e-01
9.351392186488236558e-01
9.381610187783293586e-01
9.412907403410317730e-01
9.442046190373407644e-01
9.470105763004532662e-01
9.503561407295488817e-01
9.534858622922512961e-01
9.562918195553636869e-01
9.593136196848693897e-01
9.621735376645801363e-01
9.650334556442909939e-01
9.678394129074033847e-01
9.704295273041225744e-01
9.732894452838333210e-01
9.758795596805525108e-01
9.785775955104684121e-01
9.812216706237858466e-01
9.839197064537017479e-01
9.863479387006259813e-01
9.886682495143535032e-01
9.910964817612777367e-01
9.953054176559464894e-01
9.974098856032808103e-01
9.994603928340168864e-01
1.000000000000000000e+00
