0.000000000000000000e+00
3.246753246753246967e-03
6.618381618381618051e-03
9.990009990009990001e-03
1.340326340326340390e-02
1.669164169164169195e-02
2.039627039627039604e-02
2.397602397602397600e-02
2.751415251415251575e-02
3.134365634365634395e-02
3.500666000666000782e-02
3.862803862803863147e-02
4.249916749916749642e-02
4.628704628704628787e-02
5.036630036630036777e-02
5.398767898767898449e-02
5.810855810855811154e-02
6.172993672993672826e-02
6.585081585081585531e-02
6.963869463869463983e-02
7.363469863469863930e-02
7.792207792207792028e-02
8.170995670995670479e-02
8.574758574758574448e-02
8.995171495171494502e-02
9.461371961371961570e-02
9.931734931734931271e-02
1.037296037296037282e-01
1.084332334332334391e-01
1.130952380952380959e-01
1.179653679653679677e-01
1.228771228771228796e-01
1.277056277056277112e-01
1.322843822843822736e-01
1.370296370296370247e-01
1.416083916083916150e-01
1.473942723942723854e-01
1.525974025974025927e-01
1.573842823842823979e-01
1.630452880452880338e-01
1.685814185814185906e-01
1.740759240759240656e-01
1.796536796536796488e-01
1.854395604395604469e-01
1.911838161838161909e-01
1.971361971361971499e-01
2.033383283383283502e-01
2.093739593739593619e-01
2.154928404928404817e-01
2.214035964035964144e-01
2.269813519813519698e-01
2.339327339327339217e-01
2.412587412587412494e-01
2.488344988344988462e-01
2.563270063270063348e-01
2.641108891108890910e-01
2.709373959373959639e-01
2.782634032634032639e-01
2.860889110889111020e-01
2.934981684981685102e-01
2.998667998667998713e-01
3.077755577755577621e-01
3.145604395604395531e-01
3.238428238428238681e-01
3.324175824175824023e-01
3.404928404928405095e-01
3.497335997335997426e-01
3.586829836829836804e-01
3.680486180486180481e-01
3.777472527472527375e-01
3.881118881118881259e-01
3.993090243090243185e-01
4.104229104229104030e-01
4.205794205794206042e-01
4.308608058608058844e-01
4.441391941391941156e-01
4.575424575424575369e-01
4.712787212787212798e-01
4.847652347652347538e-01
4.975024975024974760e-01
5.099067599067599321e-01
5.241841491841492395e-01
5.395021645021644829e-01
5.534465534465534686e-01
5.690143190143189811e-01
5.828338328338328322e-01
5.979437229437228885e-01
6.153013653013652551e-01
6.324092574092574637e-01
6.519730269730269479e-01
6.726190476190476719e-01
6.904761904761904656e-01
7.104145854145854644e-01
7.334332334332334113e-01
7.586580086580086979e-01
7.819680319680319958e-01
8.049450549450549719e-01
8.342490842490842828e-01
8.759573759573759943e-01
9.115884115884116401e-01
9.621212121212121549e-01
1.000000000000000000e+00
