3.899851805631385926e-05
3.919351064659543082e-02
9.234849075735121482e-02
1.431245612666718625e-01
1.794321815771000583e-01
2.078231027220965588e-01
2.300522580141954598e-01
2.562592621480383470e-01
2.819202870290928864e-01
3.044224319475860030e-01
3.265345916855159625e-01
3.443569144372513602e-01
3.605412994306216312e-01
3.796115747601591095e-01
4.005147804383433208e-01
4.161921846969814931e-01
4.311286171125497391e-01
4.489119413462288599e-01
4.643553544965291491e-01
4.758209188050854244e-01
4.888074253178379402e-01
5.009359644333515327e-01
5.129865065127524604e-01
5.237110989782388648e-01
5.345916855159503767e-01
5.456672646439435503e-01
5.574838156150065949e-01
5.679744169721550051e-01
5.780750331487403137e-01
5.895015989392402567e-01
5.986662506824740326e-01
6.084938772326651257e-01
6.181655097106310004e-01
6.268621792371890100e-01
6.348178769206770378e-01
6.429685671944466163e-01
6.529521878168629279e-01
6.603619062475626356e-01
6.687075891116137649e-01
6.772872630840027774e-01
6.861789252008423379e-01
6.943686139926682488e-01
7.019733250136495073e-01
7.096170345526869871e-01
7.171827470556119133e-01
7.243194758599172944e-01
7.317681928086732235e-01
7.379299586615708506e-01
7.450276889478200104e-01
7.527493955229701550e-01
7.588331643397551174e-01
7.657359020357226154e-01
7.721316589969581257e-01
7.781764292956867557e-01
7.853131580999922479e-01
7.919819046876218627e-01
7.979486779502379390e-01
8.034084704781218056e-01
8.094532407768504356e-01
8.147570392325091948e-01
8.203338273145620585e-01
8.259886124327275869e-01
8.321113797675688817e-01
8.376491693315654130e-01
8.432649559316746091e-01
8.489977380859526912e-01
8.542235395054987857e-01
8.596443335153264309e-01
8.640901645737462111e-01
8.688869822946727606e-01
8.735278059433742026e-01
8.779736370017939828e-01
8.830044458310584155e-01
8.874502768894781957e-01
8.918571094298416435e-01
8.964589345604867532e-01
9.006317759925123179e-01
9.051556040870446518e-01
9.097574292176897615e-01
9.143982528663910925e-01
9.184540987442477711e-01
9.226659386943296681e-01
9.272287653069183344e-01
9.319085874736759978e-01
9.363154200140394456e-01
9.406442555182903398e-01
9.448170969503159045e-01
9.493019265267920170e-01
9.538257546213243510e-01
9.580765930894625804e-01
9.622494345214881450e-01
9.661102878090632728e-01
9.697371499883004065e-01
9.731300210591997679e-01
9.768348802745495663e-01
9.804617424537868109e-01
9.840886046330239445e-01
9.877154668122611891e-01
9.913423289914983227e-01
9.955541689415802198e-01
9.986350518680290334e-01
1.000000000000000000e+00
