5.335609860207021608e-05
8.062106498772809993e-02
1.289616903212037202e-01
1.764486180770462043e-01
2.145448724789243422e-01
2.666204247145448902e-01
2.922313520435385614e-01
3.196030306264006082e-01
3.419058798420659406e-01
3.657560559171913472e-01
3.933411588944616399e-01
4.147369544338918024e-01
4.370398036495571348e-01
4.565147796393127511e-01
4.727350336143421039e-01
4.923700778999039462e-01
5.064027318322483762e-01
5.227830541030840106e-01
5.374026251200512139e-01
5.494077473055170024e-01
5.611994450965744896e-01
5.713904599295699382e-01
5.804076405933198401e-01
5.919325578913670061e-01
6.030839824991997000e-01
6.133817095293991883e-01
6.227723828833635622e-01
6.328566855191548601e-01
6.434211930423647807e-01
6.533987834809519279e-01
6.647102763845907925e-01
6.733539643581261114e-01
6.821043645288656920e-01
6.904812720093906897e-01
6.993383843773343100e-01
7.074485113648489865e-01
7.149717212677408895e-01
7.208408921139686232e-01
7.277771849322377529e-01
7.353003948351296559e-01
7.426635364422153884e-01
7.500800341479031408e-01
7.563760537829473662e-01
7.625653612207875520e-01
7.690214491516380590e-01
7.748372638992636618e-01
7.815067762245224703e-01
7.883897129441894691e-01
7.946323764806317858e-01
8.001280546366449364e-01
8.056237327926581981e-01
8.113861914416817811e-01
8.179489915697364388e-01
8.228043965425247963e-01
8.280332942055277368e-01
8.324618503894994914e-01
8.381709529399210545e-01
8.436132749973321854e-01
8.482552555757123525e-01
8.527905239568882578e-01
8.566321630562373501e-01
8.605271582541884623e-01
8.643154412549354237e-01
8.680503681570803653e-01
8.728524170312667030e-01
8.772809732152384576e-01
8.813360367089958514e-01
8.854978123999572848e-01
8.896595880909188292e-01
8.937146515846761119e-01
8.973428662896169028e-01
9.017714224735887685e-01
9.054529932771315792e-01
9.095080567708888619e-01
9.131896275744317837e-01
9.168711983779745944e-01
9.205527691815174052e-01
9.241809838864581961e-01
9.277024863941948363e-01
9.314374132963397779e-01
9.351189840998825886e-01
9.389606231992316809e-01
9.426955501013766225e-01
9.457902038202966599e-01
9.492583502294311693e-01
9.526731405399637698e-01
9.560879308504962593e-01
9.595027211610287488e-01
9.631842919645715595e-01
9.663323017820937277e-01
9.694269555010137651e-01
9.723615409241276319e-01
9.749226336570270268e-01
9.777505068829367429e-01
9.810585849962650817e-01
9.840998826165830993e-01
9.870878241382989859e-01
9.900224095614128528e-01
9.943976096467825876e-01
9.972788389712944346e-01
9.996798634083875479e-01
1.000000000000000000e+00
