0.000000000000000000e+00
3.859401585259575763e-03
7.511308461634228634e-03
1.124621322156284936e-02
1.498111798149147182e-02
1.884051956675104889e-02
2.278291903556459164e-02
2.676681744615512157e-02
3.070921691496866779e-02
3.498360791799809411e-02
3.917500103747354606e-02
4.324189733161804688e-02
4.793127775241731031e-02
5.220566875544673663e-02
5.652155870025314666e-02
6.087894758683653346e-02
6.527783541519691091e-02
6.926173382578744431e-02
7.374361953770178224e-02
7.818400630783914340e-02
8.279038884508445328e-02
8.760426609121467478e-02
9.245964227912188693e-02
9.681703116570528067e-02
1.011329211105116838e-01
1.056978047059800030e-01
1.104701830103332338e-01
1.155330539071253715e-01
1.206374237456944859e-01
1.257417935842636003e-01
1.309706602481636728e-01
1.358260364360708849e-01
1.413453956924098365e-01
1.468232560069718251e-01
1.523841142050877673e-01
1.574469851018799049e-01
1.626758517657799774e-01
1.680292152550109941e-01
1.735485745113499734e-01
1.793169274183508410e-01
1.850852803253517087e-01
1.910196289994605112e-01
1.969954766153463044e-01
2.032203178818940137e-01
2.099016475079885369e-01
2.162924845416441810e-01
2.228493173424077600e-01
2.309001120471428081e-01
2.376229406150143220e-01
2.446777607171017055e-01
2.505291115076565545e-01
2.584969083288375935e-01
2.656762252562559490e-01
2.723990538241274906e-01
2.792463792173299764e-01
2.858447109598705183e-01
2.938540067228285757e-01
3.020707971946715586e-01
3.107025770842843371e-01
3.183798813130265248e-01
3.272606548533012472e-01
3.362244262771299508e-01
3.448562061667427292e-01
3.542349670083412838e-01
3.631572394903929690e-01
3.720380130306676913e-01
3.814582728140432644e-01
3.913350209569655958e-01
4.022907415860895730e-01
4.140349421089762338e-01
4.259036394571938389e-01
4.357803876001161703e-01
4.454081420923766688e-01
4.561978669543926834e-01
4.671535875835166052e-01
4.783998008050794892e-01
4.909739801635058520e-01
5.028011785699464387e-01
5.135079055484085275e-01
5.255425986637340952e-01
5.399012325185708061e-01
5.537203801303066664e-01
5.676225256255965634e-01
5.784537494293895410e-01
5.912354234967008848e-01
6.059260488857534099e-01
6.217786446445615622e-01
6.385442171224633423e-01
6.573847366892143773e-01
6.775532223928290021e-01
6.972652197368967020e-01
7.159812424783168483e-01
7.377266879694567292e-01
7.635805286965182681e-01
7.844129974685645212e-01
8.172801593559364530e-01
8.420550275967962905e-01
8.708967921318006011e-01
9.088268249159646706e-01
9.435199402415238579e-01
9.818234635016807044e-01
1.000000000000000000e+00
