0.000000000000000000e+00
3.835051546391752501e-03
7.587628865979381861e-03
1.125773195876288678e-02
1.496907216494845413e-02
1.880412371134020447e-02
2.276288659793814298e-02
2.663917525773195835e-02
3.059793814432989686e-02
3.484536082474226637e-02
3.872164948453608174e-02
4.276288659793814340e-02
4.713402061855669761e-02
5.129896907216494745e-02
5.600000000000000117e-02
6.045360824742267852e-02
6.515463917525772530e-02
6.911340206185566382e-02
7.364948453608247125e-02
7.793814432989690233e-02
8.305154639175257869e-02
8.738144329896907481e-02
9.216494845360824473e-02
9.694845360824742853e-02
1.015670103092783522e-01
1.065154639175257684e-01
1.114226804123711334e-01
1.161237113402061871e-01
1.211546391752577334e-01
1.262268041237113447e-01
1.315876288659793836e-01
1.362886597938144373e-01
1.411958762886597885e-01
1.461443298969072047e-01
1.519587628865979312e-01
1.581443298969072153e-01
1.640412371134020719e-01
1.692783505154639156e-01
1.747216494845360846e-01
1.806185567010309412e-01
1.864329896907216400e-01
1.927010309278350542e-01
1.986804123711340131e-01
2.042474226804123771e-01
2.106804123711340238e-01
2.168659793814433079e-01
2.230103092783505270e-01
2.293608247422680435e-01
2.358350515463917552e-01
2.423505154639175319e-01
2.485360824742268160e-01
2.552577319587628901e-01
2.625154639175257820e-01
2.695257731958762837e-01
2.771546391752577332e-01
2.846185567010309225e-01
2.914639175257732195e-01
3.004123711340206393e-01
3.088659793814432786e-01
3.158762886597938357e-01
3.253195876288659805e-01
3.345567010309278277e-01
3.431752577319587827e-01
3.519175257731958495e-01
3.614020618556700870e-01
3.715051546391752724e-01
3.792164948453608520e-01
3.884123711340206064e-01
3.980618556701031041e-01
4.092371134020618695e-01
4.211958762886597873e-01
4.328247422680412404e-01
4.442061855670103032e-01
4.570309278350515592e-01
4.686597938144330122e-01
4.804123711340206326e-01
4.907216494845360599e-01
5.047010309278350260e-01
5.164948453608247947e-01
5.278350515463917647e-01
5.403298969072164448e-01
5.516288659793814331e-01
5.640412371134020386e-01
5.782268041237113021e-01
5.931546391752576808e-01
6.080412371134020777e-01
6.234639175257732369e-01
6.410721649484536488e-01
6.564123711340206224e-01
6.748041237113402424e-01
6.962886597938143796e-01
7.153402061855670402e-01
7.387628865979380954e-01
7.596701030927834886e-01
7.844536082474227179e-01
8.092783505154639290e-01
8.319175257731958872e-01
8.696907216494845771e-01
9.000824742268040968e-01
9.353814432989691063e-01
9.748453608247422686e-01
1.000000000000000000e+00
