0.000000000000000000e+00
2.530626330016679144e-03
5.176281129579570622e-03
7.764421694369356801e-03
1.069764766779777998e-02
1.351584517167998996e-02
1.616149997124288404e-02
1.874964053603266761e-02
2.151032380514177403e-02
2.438603554379709104e-02
2.720423304767929928e-02
2.996491631678840570e-02
3.307068499453615085e-02
3.577385402887214849e-02
3.887962270661989017e-02
4.169782021050209841e-02
4.491861735779605763e-02
4.790935756599758177e-02
5.067004083510669166e-02
5.394835221717374923e-02
5.699660666014838561e-02
5.998734686834991670e-02
6.326565825041698121e-02
6.671651233680335469e-02
6.982228101455109637e-02
7.356070627480301716e-02
7.666647495255075884e-02
8.023235750848334291e-02
8.385575429918905310e-02
8.770920802898717061e-02
9.150514752401218976e-02
9.512854431471788608e-02
9.944211192270087374e-02
1.031805371829527807e-01
1.066313912693391680e-01
1.099097026514062186e-01
1.143958129637085153e-01
1.183642951630528573e-01
1.225053200667165082e-01
1.263012595617415412e-01
1.310174268131362452e-01
1.348708805429343627e-01
1.394720193247828699e-01
1.434980157589003380e-01
1.477540691321101995e-01
1.532754356703284193e-01
1.580491171564962216e-01
1.628803128774371778e-01
1.675964801288318817e-01
1.724851900845459363e-01
1.776039569793523842e-01
1.823201242307471159e-01
1.880715477080577569e-01
1.933628573071835277e-01
1.989417380801748458e-01
2.042905619140737428e-01
2.096968999827457381e-01
2.160809800425605443e-01
2.210272042330476694e-01
2.286765974578708338e-01
2.336803358831310851e-01
2.398918732386265684e-01
2.463909817679875713e-01
2.531776614712141216e-01
2.594467130614827033e-01
2.667510208776672220e-01
2.750330706849945517e-01
2.826824639098176606e-01
2.919997699430609273e-01
2.995916489331109656e-01
3.081612699143038148e-01
3.195490883993788445e-01
3.292689940760338274e-01
3.399091275090584952e-01
3.513544602289066510e-01
3.606142520273767915e-01
3.715419566342669788e-01
3.818945188934261270e-01
3.947201932478288100e-01
4.062230402024500919e-01
4.165756024616092401e-01
4.260079369643987035e-01
4.400414102490366464e-01
4.553977109334560458e-01
4.662679013055731070e-01
4.862253407718410414e-01
5.002012998217059137e-01
5.137171449933858325e-01
5.286708460343935156e-01
5.442572036579053085e-01
5.697935238971645333e-01
5.911313049979870504e-01
6.092482889515155042e-01
6.367400931730603508e-01
6.570426180479668199e-01
6.867774774256628634e-01
7.184103065508713470e-01
7.485477655719791068e-01
7.855869327658595580e-01
8.258468971070339615e-01
8.986599183297866444e-01
1.000000000000000000e+00
