0.000000000000000000e+00
2.771362586605080787e-03
5.658198614318706715e-03
8.545034642032331776e-03
1.137413394919168513e-02
1.437644341801385707e-02
1.732101616628175383e-02
2.020785219399538063e-02
2.315242494226327913e-02
2.609699769053117763e-02
2.909930715935334783e-02
3.215935334872978973e-02
3.539260969976905369e-02
3.839491916859122389e-02
4.128175519630485069e-02
4.434180138568129259e-02
4.757505773672055654e-02
5.098152424942263561e-02
5.415704387990762092e-02
5.756351039260969998e-02
6.073903002309468530e-02
6.391454965357967755e-02
6.737875288683602137e-02
7.066974595842956397e-02
7.459584295612009530e-02
7.840646651270208323e-02
8.227482678983834286e-02
8.666281755196304781e-02
9.064665127020785085e-02
9.428406466512702366e-02
9.826789838337182670e-02
1.021362586605080863e-01
1.062355658198614328e-01
1.111431870669745969e-01
1.146651270207852125e-01
1.183025404157043853e-01
1.222863741339491883e-01
1.262124711316397196e-01
1.304272517321016234e-01
1.346420323325634993e-01
1.393187066974595767e-01
1.446882217090069422e-01
1.493071593533487340e-01
1.548498845265589008e-01
1.600461893764434096e-01
1.647806004618937725e-01
1.707852193995381129e-01
1.762702078521939941e-01
1.816974595842956175e-01
1.879330254041570447e-01
1.938799076212470995e-01
1.990762124711316361e-01
2.064665127020785251e-01
2.142032332563510444e-01
2.216512702078521913e-01
2.277136258660508172e-01
2.341224018475750457e-01
2.412240184757505901e-01
2.478060046189376475e-01
2.549653579676674497e-01
2.620669745958429386e-01
2.696304849884526567e-01
2.768475750577367167e-01
2.849307159353348662e-01
2.913394919168591501e-01
3.004618937644341625e-01
3.096997690531178016e-01
3.184180138568129537e-01
3.266166281755196188e-01
3.342378752886835946e-01
3.438799076212470940e-01
3.549076212471131697e-01
3.642609699769053244e-01
3.751732101616628290e-01
3.876443418013856834e-01
4.010392609699768851e-01
4.105658198614318688e-01
4.217667436489607180e-01
4.353348729792148042e-01
4.501732101616628401e-01
4.637990762124711286e-01
4.763279445727482408e-01
4.903579676674365007e-01
5.047344110854503629e-01
5.222286374133948694e-01
5.375288683602771345e-01
5.578521939953811071e-01
5.764434180138567898e-01
5.963048498845265888e-01
6.187066974595842872e-01
6.390877598152424621e-01
6.599884526558891240e-01
6.833718244803694830e-01
7.050230946882216632e-01
7.333140877598152141e-01
7.610854503464202780e-01
7.879330254041569948e-01
8.175519630484988642e-01
8.530023094688221619e-01
9.042725173210162115e-01
9.641454965357967311e-01
1.000000000000000000e+00
