5.330206278982996818e-05
4.018975534353179391e-02
1.045786471936463874e-01
1.585736367997441498e-01
2.111827727733063265e-01
2.428441980704653391e-01
2.847929214860615010e-01
3.097915889344917684e-01
3.326048718085389821e-01
3.545120196151591019e-01
3.817493737007622290e-01
4.046692607003891107e-01
4.230584723628804666e-01
4.428335376579073390e-01
4.623420926389851249e-01
4.799317733596289992e-01
4.949096530035712593e-01
5.104205532754118035e-01
5.256649432333031502e-01
5.377112094238046813e-01
5.518362560631095981e-01
5.622301583071265263e-01
5.741165183092585833e-01
5.858962741858110279e-01
5.970897073716753267e-01
6.068439848622141364e-01
6.177709077341293487e-01
6.259261233409733061e-01
6.333884121315495053e-01
6.451148659453120882e-01
6.548158413730611471e-01
6.618517136613186747e-01
6.708064602100101137e-01
6.790682799424337945e-01
6.875433079260167002e-01
6.959117317840199934e-01
7.038537391397047260e-01
7.116358403070198735e-01
7.191514311603859344e-01
7.261873034486434619e-01
7.330632695485315153e-01
7.404722562763178528e-01
7.477213368157347162e-01
7.534246575342465890e-01
7.602473215713447807e-01
7.655242257875379819e-01
7.714940568199989412e-01
7.793827621128938121e-01
7.851393848941954356e-01
7.916422365545546791e-01
7.986248067800223449e-01
8.047545440008527784e-01
8.102979585309951771e-01
8.161078833750866623e-01
8.214380896540696142e-01
8.263951814935237561e-01
8.322584084004051030e-01
8.373754064282287191e-01
8.422258941421032485e-01
8.473961942327168373e-01
8.525664943233303150e-01
8.570971696604658963e-01
8.611481264324929441e-01
8.663717285858962835e-01
8.700495709183945214e-01
8.747934545066894385e-01
8.788444112787164864e-01
8.826821597995841984e-01
8.866798145088214955e-01
8.903043547785299827e-01
8.948883321784553146e-01
8.988859868876925008e-01
9.026171312829806004e-01
9.067213901177975099e-01
9.106657427642449454e-01
9.148766057246415784e-01
9.187143542455092904e-01
9.228719151431160617e-01
9.264964554128244378e-01
9.303342039336922609e-01
9.339587442034006370e-01
9.377431906614785984e-01
9.413677309311870856e-01
9.449389691381056000e-01
9.486168114706039489e-01
9.519748414263632386e-01
9.557592878844410889e-01
9.590107137146207661e-01
9.621555354192207199e-01
9.653536591866105354e-01
9.684451788284206275e-01
9.716966046586003047e-01
9.748414263632002585e-01
9.775598315654815407e-01
9.809178615212408303e-01
9.839027770374713100e-01
9.871009008048611255e-01
9.899792121955119928e-01
9.941367730931186530e-01
9.968551782954000462e-01
9.994669793721017159e-01
1.000000000000000000e+00
