5.332195798229710679e-05
1.295723578969819878e-01
1.810813693078809905e-01
2.225658526181081287e-01
2.639436920123706676e-01
2.952970033059613697e-01
3.319825103977818159e-01
3.606164018342753463e-01
3.872773808254239003e-01
4.143116135224485519e-01
4.417190999253492456e-01
4.651274394795776868e-01
4.801642316305854696e-01
4.959475311933453923e-01
5.182894315879279512e-01
5.339127652767409193e-01
5.517222992428282291e-01
5.675055988055881517e-01
5.804095126373040037e-01
5.931001386370907680e-01
6.083502186200276940e-01
6.210408446198144583e-01
6.311186946784685947e-01
6.426362376026447665e-01
6.521275461234936621e-01
6.651381038711741134e-01
6.760157832995628002e-01
6.853471259464647414e-01
6.929721659379332044e-01
7.020368987949237027e-01
7.110483096939319569e-01
7.193665351391702600e-01
7.272581849205502769e-01
7.347232590380718964e-01
7.418684014076997180e-01
7.486402900714513864e-01
7.551988909032739672e-01
7.629305748107070295e-01
7.692225658526180565e-01
7.758344886424229925e-01
7.816465820624933780e-01
7.884717926842274016e-01
7.945504958942092300e-01
7.996160819025274202e-01
8.041484483310227249e-01
8.085741708435534303e-01
8.145995520955529035e-01
8.195051722299242503e-01
8.243041484483309977e-01
8.285165831289325045e-01
8.334222032633038513e-01
8.383811453556574422e-01
8.427002239522235483e-01
8.479790977924709372e-01
8.517116348512316915e-01
8.564572891116561948e-01
8.606697237922577015e-01
8.640823291031246578e-01
8.678148661618854121e-01
8.714407593046816780e-01
8.758664818172123834e-01
8.798656286658845804e-01
8.836514876826276899e-01
8.869041271195478027e-01
8.903700543883971141e-01
8.937826596992641814e-01
8.979417724218833330e-01
9.016743094806440872e-01
9.053535245814225974e-01
9.088727738082542640e-01
9.122320571611389761e-01
9.150581209342006916e-01
9.184707262450677590e-01
9.215100778500586731e-01
9.247627172869787859e-01
9.283886104297749409e-01
9.315879279087128095e-01
9.346806014716860789e-01
9.379332409086061917e-01
9.409192705556147507e-01
9.435853684547296227e-01
9.464647541857736934e-01
9.492374960008531648e-01
9.521168817318972355e-01
9.555294870427641918e-01
9.584621947317905066e-01
9.609150047989761800e-01
9.636344246560734073e-01
9.665671323450997221e-01
9.689666204543030403e-01
9.733923429668337457e-01
9.758984749920016633e-01
9.785645728911165353e-01
9.812306707902314074e-01
9.835768369414524814e-01
9.860296470086381548e-01
9.883758131598592289e-01
9.907219793110803030e-01
9.930681454623013771e-01
9.953609896555400960e-01
9.977604777647435252e-01
1.000000000000000000e+00
