0.000000000000000000e+00
3.451038392802119846e-03
7.025328156775744251e-03
1.061194305786651929e-02
1.424785850742589510e-02
1.793307450545387344e-02
2.170456646330190531e-02
2.542675787268133467e-02
2.924755037899796559e-02
3.305601774819744848e-02
3.683983484316263185e-02
4.093178036605657488e-02
4.498675047759906342e-02
4.890614408085289938e-02
5.308436556356689595e-02
5.718863622357799048e-02
6.140383311764343460e-02
6.556972946324027274e-02
6.979725149442288223e-02
7.400012325137117486e-02
7.820299500831946748e-02
8.262771923337647317e-02
8.697849263573056988e-02
9.145251740925618156e-02
9.577864053737597527e-02
1.003142909964873375e-01
1.049731928267702008e-01
1.094472176002957986e-01
1.140937942934615174e-01
1.191594256486103454e-01
1.239662291242990128e-01
1.286497812288161791e-01
1.334812349787391494e-01
1.384359400998336209e-01
1.431441424785850625e-01
1.483083749306711163e-01
1.533740062858199305e-01
1.588710174400690123e-01
1.640845504406236444e-01
1.695938867319898846e-01
1.750046219264189407e-01
1.799100264990448061e-01
1.858753928637456032e-01
1.912121772354717364e-01
1.967584889381894242e-01
2.024896776976643775e-01
2.080606396746163822e-01
2.139027546681456782e-01
2.196092931533863424e-01
2.254390830097984799e-01
2.315277007456708058e-01
2.376286436186602624e-01
2.432242558698465562e-01
2.495470512109447259e-01
2.561656498428545037e-01
2.630800517655759174e-01
2.691070438158624789e-01
2.755654156652492803e-01
2.822209897085105057e-01
2.889135391631231786e-01
2.959635175941332519e-01
3.027546681456831368e-01
3.098169717138103407e-01
3.169532261046404398e-01
3.247057373513280165e-01
3.325814999691871776e-01
3.401244838848831997e-01
3.479879213656251746e-01
3.558636839834843357e-01
3.642694274973808932e-01
3.738707093116410696e-01
3.827448080359894256e-01
3.913724040179947239e-01
4.012078634374807162e-01
4.116226043014728497e-01
4.212731866642016598e-01
4.315030504714365001e-01
4.426572995624576401e-01
4.546866333887964462e-01
4.667282923522524385e-01
4.788192518641770090e-01
4.910334627472730529e-01
5.046404141246071395e-01
5.181857398163554063e-01
5.336661120354964094e-01
5.490725334319344064e-01
5.643926788685523777e-01
5.810685893880569441e-01
5.986319097799962519e-01
6.170579897701361505e-01
6.356319714056818393e-01
6.551549885992481448e-01
6.766377025944413370e-01
7.012140260060393260e-01
7.251617674246626510e-01
7.539286374560917325e-01
7.819683243976088827e-01
8.203241511061810654e-01
8.604917729709743446e-01
9.121340974918346056e-01
9.892031798853762048e-01
1.000000000000000000e+00
