1.148514396627961657e-05
4.924829732740700072e-02
9.011243955942987993e-02
1.229254958710907508e-01
1.524882564402944840e-01
1.777326028781770761e-01
2.033100184910817954e-01
2.269349596297189631e-01
2.510997025347712630e-01
2.728525652069048735e-01
2.940656261126233240e-01
3.133376976880405396e-01
3.316794726021890516e-01
3.496766931973492309e-01
3.657903501820395364e-01
3.825931158047066183e-01
4.004639998162377035e-01
4.154980532680976890e-01
4.321974525950682544e-01
4.470707140314003625e-01
4.604509067521161403e-01
4.737277331771354016e-01
4.884057471660407379e-01
5.018089101746890934e-01
5.154073206307641097e-01
5.272140486280995075e-01
5.382397868357280402e-01
5.486223569812447298e-01
5.606587878579057938e-01
5.716845260655342154e-01
5.825494722576347595e-01
5.918294685823887180e-01
6.028896622219159784e-01
6.125486682975571640e-01
6.218286646223110115e-01
6.314072746901882027e-01
6.410088550459980272e-01
6.506793462656054183e-01
6.586959767540686572e-01
6.678381513512271495e-01
6.761304252948810989e-01
6.850428970127140360e-01
6.935074481158621795e-01
7.011910094293032358e-01
7.085989272875535816e-01
7.159379342820062497e-01
7.235870401635484672e-01
7.309719877338662908e-01
7.386325787593747139e-01
7.462127737771192537e-01
7.532646521724150057e-01
7.605806888789351516e-01
7.667252409008946668e-01
7.738460301599880964e-01
7.801628593414418056e-01
7.870194902893107303e-01
7.936119629259552610e-01
7.999287921074090812e-01
8.059125521138407189e-01
8.117584903926771123e-01
8.181212601499959769e-01
8.242887824598881252e-01
8.298935327154325359e-01
8.354523423951119021e-01
8.411260035144541014e-01
8.466962983380996732e-01
8.521861971539813618e-01
8.575038188103687453e-01
8.627180741710597234e-01
8.678404483800203906e-01
8.727675751415544525e-01
8.780737116539756304e-01
8.830467789913746257e-01
8.878245988813470158e-01
8.927861810747798055e-01
8.978166741320102728e-01
9.026059791659488685e-01
9.074871653516176639e-01
9.123913218252190926e-01
9.173299337307193602e-01
9.220388427568939615e-01
9.266673557753046797e-01
9.314451756652769587e-01
9.360851738276538825e-01
9.406103205503680842e-01
9.449976455454869306e-01
9.492701191009429440e-01
9.532554640572419302e-01
9.574475416049340604e-01
9.614558568491655688e-01
9.651196177744088001e-01
9.688178341315508701e-01
9.726768425042208177e-01
9.765358508768907653e-01
9.801881266581676799e-01
9.837140658558155559e-01
9.871251536138005989e-01
9.903984196441902865e-01
9.935453490909508245e-01
9.966693082497789513e-01
9.996324753930790896e-01
1.000000000000000000e+00
