0.000000000000000000e+00
3.573402099834223616e-03
7.208202861177626097e-03
1.094124148093571572e-02
1.477251795910849118e-02
1.854239577577208864e-02
2.249646957696322183e-02
2.625406766132498335e-02
3.004850494259225097e-02
3.401485847608522184e-02
3.815312826180389250e-02
4.222999938601338515e-02
4.640510836863756539e-02
5.045742002824338268e-02
5.459568981396205334e-02
5.872167986737888978e-02
6.289678885000306308e-02
6.697365997421256267e-02
7.117332842144041827e-02
7.547123472708294756e-02
7.989193835574384672e-02
8.418984466138637601e-02
8.848775096702891918e-02
9.311721004482102770e-02
9.761159206729293214e-02
1.023392890034997282e-01
1.068950696874808176e-01
1.115613679621784288e-01
1.161294283784613524e-01
1.214219930005525916e-01
1.265180819058144557e-01
1.313808558973414420e-01
1.365383434641124771e-01
1.416589918339780096e-01
1.468655983299564094e-01
1.522564008104623223e-01
1.575735248971572300e-01
1.627432921962301271e-01
1.679867378891140295e-01
1.734143795665254451e-01
1.788051820470313857e-01
1.844170197089703422e-01
1.900411371032111607e-01
1.956775342297537856e-01
2.014981273408239792e-01
2.073064407195923109e-01
2.131761527598698414e-01
2.194510959661079286e-01
2.257383189046478777e-01
2.319641431816786281e-01
2.382513661202185773e-01
2.446736661140787028e-01
2.514643580769939102e-01
2.582796095045127860e-01
2.650089028059188223e-01
2.717136366427211902e-01
2.791674341499355561e-01
2.861546018296801108e-01
2.929821329895008208e-01
3.011972738994290189e-01
3.090931417695094163e-01
3.164978203475164453e-01
3.235955056179775080e-01
3.318229262602075402e-01
3.400749063670411854e-01
3.483391662061767202e-01
3.564437895253883548e-01
3.654325535703321637e-01
3.734634984957327930e-01
3.824154233437710992e-01
3.915638239086388084e-01
4.013507705532019521e-01
4.121446552465156121e-01
4.223736722539448429e-01
4.333640326640879059e-01
4.433106158285749498e-01
4.539817031988702678e-01
4.662000368391969185e-01
4.781727758334868295e-01
4.892490943697427319e-01
5.063302020015963967e-01
5.187695708233560632e-01
5.337262847669921317e-01
5.482654878123657261e-01
5.635046355989439260e-01
5.791121753545772632e-01
5.944495609995702479e-01
6.122306133726285182e-01
6.298151900288573302e-01
6.478418370479523958e-01
6.657579664763307870e-01
6.841161662675753208e-01
7.037391784859090560e-01
7.279793700497328990e-01
7.511266654386934416e-01
7.787683428501258609e-01
8.098729047706759721e-01
8.406950328482839518e-01
8.783201326211088622e-01
9.215447903235709504e-01
9.905200466629827671e-01
1.000000000000000000e+00
