0.000000000000000000e+00
3.987441849806357130e-02
7.946238284025024246e-02
1.128400210830258765e-01
1.441895639021930908e-01
1.708298003987441804e-01
1.961408896120264977e-01
2.177739074638494754e-01
2.407360725989412531e-01
2.633774090794508971e-01
2.824667140270871180e-01
3.020258037903613690e-01
3.208401127483557769e-01
3.390815133945963011e-01
3.574718702018929162e-01
3.742924582349840823e-01
3.903568072965602487e-01
4.057336663840319102e-01
4.215115612897312181e-01
4.355821894264041982e-01
4.498819808877786985e-01
4.637349038659853151e-01
4.775305360130164822e-01
4.913490844925177958e-01
5.048926369823772964e-01
5.173018310149644083e-01
5.299058138735476264e-01
5.417420995943809103e-01
5.526961065151133612e-01
5.636615716020808575e-01
5.741457937071751116e-01
5.842289799940417749e-01
5.941632101198524030e-01
6.042807709054243137e-01
6.139629213740632752e-01
6.237596535050530244e-01
6.332240988152255667e-01
6.431239544423310583e-01
6.521988221005110553e-01
6.608611957742283050e-01
6.703027247519307563e-01
6.790453055892934353e-01
6.871233127850219224e-01
6.954763159703920561e-01
7.035428649998853867e-01
7.109333822215092580e-01
7.187363934275958766e-01
7.265050301349772477e-01
7.342278341774182149e-01
7.414464789055159599e-01
7.489057451245502151e-01
7.560327245227673743e-01
7.631482457547493770e-01
7.700231454957948696e-01
7.769209615693104531e-01
7.833948254921282439e-01
7.894561954304832874e-01
7.958498521896555378e-01
8.021174691202419549e-01
8.079038430689552408e-01
8.142745834956574003e-01
8.201526227742511610e-01
8.261681600476660225e-01
8.319659921626142429e-01
8.376721589476819885e-01
8.427595847560556130e-01
8.483167953800673233e-01
8.540344203313701144e-01
8.597176707839677690e-01
8.653207140729197722e-01
8.706029287072897249e-01
8.759768086715401525e-01
8.810642344799138881e-01
8.857964571350001037e-01
8.904255562939706881e-01
8.953296514425831409e-01
9.001993720924903464e-01
9.053097142333340619e-01
9.102596420468868077e-01
9.153470678552604323e-01
9.203084538350482235e-01
9.249146366615487169e-01
9.297385246465155184e-01
9.346999106263034207e-01
9.391456791255127223e-01
9.434883241286065036e-01
9.479913834589912547e-01
9.523454866283199705e-01
9.563787611430666358e-01
9.604807846552237960e-01
9.645255173362055068e-01
9.685129591860118792e-01
9.724774847033480496e-01
9.760868070673969221e-01
9.797648784288562895e-01
9.832023282993789248e-01
9.866856108348419641e-01
9.901574352040699578e-01
9.936865504044732900e-01
9.967229644567683344e-01
9.997135458441230860e-01
1.000000000000000000e+00
