1.152990280291937139e-05
6.892575895585199841e-02
1.109291948668872790e-01
1.465911842363168960e-01
1.852970679457172087e-01
2.149058583436141701e-01
2.418051215828250500e-01
2.656374306764593962e-01
2.917180708166630110e-01
3.110998374283704959e-01
3.326953453782384718e-01
3.508434123900335266e-01
3.687378215401644344e-01
3.861825644809814273e-01
4.049878359525428961e-01
4.201611880411847966e-01
4.354037195466441967e-01
4.507154304689211521e-01
4.652085182921907869e-01
4.783756672931246956e-01
4.921423712398104722e-01
5.061396732425545997e-01
5.185804383669045947e-01
5.320127751323056042e-01
5.439346946305242403e-01
5.561563916016187825e-01
5.666024835410637950e-01
5.771408147029321034e-01
5.881979914909317708e-01
5.978946397481869068e-01
6.076489375194567000e-01
6.175300642215586500e-01
6.273650713124487854e-01
6.365889935547843770e-01
6.460550437559811066e-01
6.548408296918056815e-01
6.632115391267251470e-01
6.728159481615569870e-01
6.815325546805640622e-01
6.897764351846513708e-01
6.984238622868409463e-01
7.068406913329721153e-01
7.140814702932054558e-01
7.217373257543439058e-01
7.288512757837450895e-01
7.362188836748105869e-01
7.431252954537592714e-01
7.497895792738467069e-01
7.570072984284742512e-01
7.637984111793937325e-01
7.706241136387220747e-01
7.773921665840356487e-01
7.840679803069260378e-01
7.901788287924732535e-01
7.959322502911300168e-01
8.020776884850860933e-01
8.081539472622245590e-01
8.139304285664872296e-01
8.196492603567352431e-01
8.258638779675087083e-01
8.316864788829829713e-01
8.373591910620193923e-01
8.428474247962089994e-01
8.485431967808511056e-01
8.542274388626903692e-01
8.597963819165004296e-01
8.650655474974345838e-01
8.701387047307190814e-01
8.754539899228649391e-01
8.803196089056969376e-01
8.850699288604997328e-01
8.901661458993900267e-01
8.949625854654045254e-01
8.993670083361197110e-01
9.040596787769079601e-01
9.084871614532289419e-01
9.126609862678857210e-01
9.172037679722360171e-01
9.213199432728782501e-01
9.255398876987467327e-01
9.301633787227173711e-01
9.341527250925274473e-01
9.380383023371112738e-01
9.420161188041185074e-01
9.457748671178701771e-01
9.494874958204102544e-01
9.532923637453736276e-01
9.568320439058698446e-01
9.605100829000011720e-01
9.639690537408769355e-01
9.673357853593294031e-01
9.707947562002052777e-01
9.741730177214605879e-01
9.776089287567305552e-01
9.809871902779859765e-01
9.842270929656062872e-01
9.873401667223945521e-01
9.902226424231244106e-01
9.933933656939272216e-01
9.965410291591242364e-01
9.997694019439415936e-01
1.000000000000000000e+00
