0.000000000000000000e+00
3.439518713940529441e-03
6.940677548202573745e-03
1.050347650278613335e-02
1.416489964988411690e-02
1.792494698949652354e-02
2.153705804033729382e-02
2.524779328369249065e-02
2.909413679175501879e-02
3.302677646826766844e-02
3.677449578381576656e-02
4.058385521968538995e-02
4.450416687213373107e-02
4.835051038019626268e-02
5.223383796045169558e-02
5.641303811825040815e-02
6.044430198727748088e-02
6.442625376004733340e-02
6.838354948468859662e-02
7.255042161842299719e-02
7.676660584841461799e-02
8.108141427092065145e-02
8.521130233246215768e-02
8.932886236993935192e-02
9.366832684057399550e-02
9.798313526308002896e-02
1.026554563834508604e-01
1.070319049262784122e-01
1.115686177819419089e-01
1.160806745894767955e-01
1.210365402633265947e-01
1.260047339612407058e-01
1.305907589131614088e-01
1.357068888998471390e-01
1.402682578036392458e-01
1.451871394052961228e-01
1.502662853197889448e-01
1.552961191380245465e-01
1.603382809803244602e-01
1.653681147985600897e-01
1.705335568815030400e-01
1.755880467478672380e-01
1.808521130233246288e-01
1.860915232506533956e-01
1.921938951624833636e-01
1.973839932935549102e-01
2.030672123871985757e-01
2.083559347107845627e-01
2.140268257803639163e-01
2.196237487055574811e-01
2.250727353419793852e-01
2.311751072538093532e-01
2.370309186843532756e-01
2.432319147886976562e-01
2.492479905320775235e-01
2.555969229251935371e-01
2.623773361605601928e-01
2.687632526258691423e-01
2.749395926820848990e-01
2.823733911928595908e-01
2.897455495833127781e-01
2.971423640218945894e-01
3.044652103160905288e-01
3.120592731397011654e-01
3.197889442280191230e-01
3.272597268109867508e-01
3.344592928645396812e-01
3.424848365304009046e-01
3.506090043887765684e-01
3.590413728487598100e-01
3.680901425119582071e-01
3.767567434291631545e-01
3.859041372848759921e-01
3.958281966566398746e-01
4.049016223679668403e-01
4.138024557423936045e-01
4.233320183440997808e-01
4.335149662212140487e-01
4.445608757828295454e-01
4.555451452241234822e-01
4.669978795798609417e-01
4.777725726120617411e-01
4.907539819517727775e-01
5.042285122540559605e-01
5.189728290349622242e-01
5.332610089254894437e-01
5.475738448641451761e-01
5.628236106316879539e-01
5.783692489767739975e-01
5.961092756053060215e-01
6.167587159130134555e-01
6.352137679372750201e-01
6.568987622663839954e-01
6.779796834163420716e-01
7.031658365797129884e-01
7.318901326495389492e-01
7.615390305241875879e-01
7.976724690566595610e-01
8.424601804822723361e-01
8.956062922234824253e-01
9.781177572858622549e-01
1.000000000000000000e+00
