1.764664360838568582e-05
8.468624267664290328e-02
1.367614879649890480e-01
1.810192701348203592e-01
2.141243735441518969e-01
2.418648972965342092e-01
2.687407355121055885e-01
2.975047645937742846e-01
3.195630691042563587e-01
3.427331121620667553e-01
3.620032469824239207e-01
3.813969083080397948e-01
4.019199548245923626e-01
4.196901249382367638e-01
4.370014823180631280e-01
4.541893131926307836e-01
4.700359991529611259e-01
4.854062257358650601e-01
5.007588056751606231e-01
5.161643255452812440e-01
5.284640361403261100e-01
5.414696124797063748e-01
5.555692807228065355e-01
5.683630973388861252e-01
5.803628149925884605e-01
5.922566527846403472e-01
6.035857979812240259e-01
6.134502717583115716e-01
6.244794240135526087e-01
6.347144773064162804e-01
6.450024705301051764e-01
6.546551845838921579e-01
6.626667607820992956e-01
6.712253829321662701e-01
6.800663513799675153e-01
6.885014470247758922e-01
6.978365214936118610e-01
7.061304439895531582e-01
7.145125997035364218e-01
7.224006493964847397e-01
7.303416390202583930e-01
7.383355685748570485e-01
7.456236323851203052e-01
7.525234700359991757e-01
7.590350815274934382e-01
7.659172725347639377e-01
7.722524175901743781e-01
7.784640361403261100e-01
7.847638879085198083e-01
7.919813651443495806e-01
7.978400508223335574e-01
8.036281499258840499e-01
8.095927154655184754e-01
8.147808286863837957e-01
8.207983341568433344e-01
8.267981929836945021e-01
8.319863062045599333e-01
8.368920731276910940e-01
8.421684195665983808e-01
8.469683066280793149e-01
8.517152537587351357e-01
8.566739606126915207e-01
8.616150208230394236e-01
8.668207806875132260e-01
8.711618550151760676e-01
8.759617420766570017e-01
8.808145690689630491e-01
8.854379896943601613e-01
8.900614103197571625e-01
8.948083574504129833e-01
8.991317851344674539e-01
9.037199124726477129e-01
9.078845203642267325e-01
9.121550081174560898e-01
9.164254958706854470e-01
9.202548175337050829e-01
9.243135455636337650e-01
9.280546340086115453e-01
9.319192489588480344e-01
9.354132843933083974e-01
9.390308463330274691e-01
9.426837015599632830e-01
9.462130302816403882e-01
9.495835392108420425e-01
9.528128749911767281e-01
9.561657372767700114e-01
9.596068327804051501e-01
9.630302816404320287e-01
9.663654972824168299e-01
9.695595397755346623e-01
9.727182889814357525e-01
9.756829251076445386e-01
9.786652078774616959e-01
9.814180842803699178e-01
9.843297804757534797e-01
9.870473635914449595e-01
9.899237664996117791e-01
9.925531163972612925e-01
9.951118797204772104e-01
9.974235900331757110e-01
9.995941271970071318e-01
1.000000000000000000e+00
