0.000000000000000000e+00
2.999094612947035034e-03
6.111362607514712539e-03
9.167043911272069676e-03
1.227931190583974631e-02
1.544816659121774592e-02
1.856043458578542429e-02
2.188018711332427937e-02
2.523766410140335092e-02
2.859514108948241901e-02
3.189603138675117106e-02
3.542326844726120111e-02
3.910140334993209704e-02
4.259091594990191409e-02
4.621246416176248706e-02
4.947562999849101917e-02
5.307831598008148216e-02
5.653010411951109315e-02
5.996303002867058723e-02
6.341481816810019823e-02
6.703636637996077119e-02
7.080881243398219616e-02
7.454353402746340118e-02
7.841029123283536906e-02
8.225818620793722002e-02
8.618153010411951087e-02
8.999170061868115578e-02
9.391504451486343275e-02
9.791383733212614959e-02
1.022332880639806874e-01
1.066281877169156511e-01
1.107967406066093230e-01
1.147389467330617169e-01
1.190772596951863577e-01
1.236419194205522903e-01
1.283197525275388551e-01
1.328278255620944648e-01
1.370718273728685765e-01
1.414290025652633065e-01
1.457673155273879473e-01
1.504828730949147320e-01
1.552172928927116335e-01
1.600648860721291811e-01
1.651388260147879927e-01
1.699298325033951895e-01
1.747585634525426201e-01
1.799834012373623116e-01
1.851893767919118861e-01
1.900558322015995227e-01
1.955447412102006843e-01
2.010147879885317568e-01
2.063527991549720941e-01
2.114267390976309058e-01
2.165195412705598343e-01
2.222347970424022878e-01
2.284970574920778541e-01
2.339671042704089265e-01
2.398521201146823489e-01
2.458880338011166511e-01
2.519050852572808363e-01
2.590727327599215424e-01
2.659385845782405444e-01
2.730119209295306937e-01
2.800475328202806646e-01
2.873660781650822504e-01
2.946468990493436024e-01
3.024181379206277165e-01
3.089067451335446024e-01
3.174890599064433272e-01
3.252037120869171738e-01
3.329560887279311987e-01
3.418590614154217722e-01
3.506865851818318780e-01
3.596084200995925961e-01
3.688131884714048736e-01
3.779802323826769173e-01
3.883167345706956541e-01
3.988418590614154491e-01
4.102157839142900331e-01
4.205711483325788591e-01
4.323789044816659377e-01
4.446582163875056337e-01
4.562584880036215651e-01
4.694243247321563395e-01
4.826467481515014368e-01
4.977553945978572258e-01
5.124679342085408651e-01
5.307831598008148077e-01
5.478157537347215778e-01
5.626037422664855736e-01
5.825222574317187041e-01
6.007997585634525795e-01
6.214539007092199085e-01
6.468236004225139668e-01
6.711747397012223226e-01
7.008827523766409939e-01
7.310057341180020707e-01
7.695224083295608697e-01
8.175079221367134164e-01
8.734155726573109568e-01
9.597857250641316229e-01
1.000000000000000000e+00
