0.000000000000000000e+00
4.659288119619809515e-02
8.378443609281797932e-02
1.185854336907676276e-01
1.499155259800710183e-01
1.779930811755105757e-01
2.008527853440448818e-01
2.264478387293268613e-01
2.487099035731935859e-01
2.705697111793032850e-01
2.898895516555758389e-01
3.089105724695146438e-01
3.272535025112344731e-01
3.460331689825190682e-01
3.640657862979691517e-01
3.799836798492109979e-01
3.957751496971577687e-01
4.103023825121538959e-01
4.248411083910859642e-01
4.406440713029686762e-01
4.553666862048753594e-01
4.696985369329609306e-01
4.823753864542748571e-01
4.959946672183337402e-01
5.093611005758025279e-01
5.211989564297946353e-01
5.338068475674929703e-01
5.454493213345745772e-01
5.573216563803744528e-01
5.684929145260835259e-01
5.797101449275362528e-01
5.899734510223080264e-01
6.002137709892080286e-01
6.103621464446207234e-01
6.202576744934431563e-01
6.294061533864312441e-01
6.386120975990989823e-01
6.476571389166637660e-01
6.581043340344102655e-01
6.672183337355905852e-01
6.763323334367709050e-01
6.851590065395534168e-01
6.932960958061810119e-01
7.024215885712972174e-01
7.107425668608994274e-01
7.180176763323334876e-01
7.255686193382293592e-01
7.327747704260478834e-01
7.400728660253537150e-01
7.473594685607235499e-01
7.543357583698238056e-01
7.613120481789240612e-01
7.681504212207932447e-01
7.746899746003287346e-01
7.811835557241204597e-01
7.877920674872714857e-01
7.945499890815892474e-01
8.004344378167775886e-01
8.070084703881207355e-01
8.132377110413865351e-01
8.190302152650875689e-01
8.248571986805962597e-01
8.303278971140916065e-01
8.359250192508821398e-01
8.410394327023641425e-01
8.468089507981932940e-01
8.522451700398809837e-01
8.575204863864657190e-01
8.628532680527302157e-01
8.681515705271868333e-01
8.732085186589892967e-01
8.782999459825995281e-01
8.834603316898251846e-01
8.883908561183325725e-01
8.934707903780069183e-01
8.982633980392833450e-01
9.033548253628934654e-01
9.081359399602340066e-01
9.129400406854463190e-01
9.175487593237481310e-01
9.222724086014090217e-01
9.268466480479030656e-01
9.313519291107816844e-01
9.359261685572757283e-01
9.403509981726028144e-01
9.444999942534679782e-01
9.486374972703973674e-01
9.526830557758392271e-01
9.567745865370248515e-01
9.609350756818260120e-01
9.649691411233320970e-01
9.686699077106966094e-01
9.724396326816766578e-01
9.764736981231826318e-01
9.799560964957647613e-01
9.835649185716419662e-01
9.870703030720959781e-01
9.903228401659598390e-01
9.936098564516314680e-01
9.968394074176234465e-01
9.997356595294739634e-01
1.000000000000000000e+00
