0.000000000000000000e+00
3.770469583646512447e-03
7.614869943442956375e-03
1.148391389528937746e-02
1.532831425508582139e-02
1.951772490358194556e-02
2.348534322362827442e-02
2.766243207609941218e-02
3.179023374447059735e-02
3.606589696514164028e-02
4.019369863351281852e-02
4.437078748598395628e-02
4.853555454243010242e-02
5.279889596707616067e-02
5.739492588439690929e-02
6.171987628916791174e-02
6.584767795753909692e-02
7.040674248678487068e-02
7.497812881205564994e-02
7.941397538105153531e-02
8.370196039774757679e-02
8.858139162364306318e-02
9.323903052108875600e-02
9.774880786623457718e-02
1.026528826841800468e-01
1.073844523577756754e-01
1.122885271757211312e-01
1.170817058294417040e-01
1.220227460354621346e-01
1.268652118732826461e-01
1.318062520793030767e-01
1.369567628177483232e-01
1.420456645760685976e-01
1.473317150707887102e-01
1.525561565853838786e-01
1.577313109158791082e-01
1.633377281072489196e-01
1.685991350099190489e-01
1.741192996291139328e-01
1.795039244920339505e-01
1.852212378476286725e-01
1.912835614919230764e-01
1.968283697031679436e-01
2.023731779144128107e-01
2.085094323348571366e-01
2.147196175314513844e-01
2.209421245240706377e-01
2.275466071934645063e-01
2.344221693754081626e-01
2.409403994726271314e-01
2.473354116095962119e-01
2.539398942789901081e-01
2.606922385006838483e-01
2.676540532548024043e-01
2.748006949492958206e-01
2.815283955789396053e-01
2.891802309104575253e-01
2.968074226499254342e-01
3.040896041006937445e-01
3.115566124918368041e-01
3.194672055398795063e-01
3.270697536872974598e-01
3.349433813472652011e-01
3.434823859925822953e-01
3.518242419014995792e-01
3.607575440196162941e-01
3.699988910383577578e-01
3.792525598531241715e-01
3.882351491553409084e-01
3.974272089899824056e-01
4.065083726603989644e-01
4.163904530724398256e-01
4.274923912909545654e-01
4.373621499069704210e-01
4.475522752196360310e-01
4.580750890249762897e-01
4.682036053575169277e-01
4.787140973668321808e-01
4.899885407296967754e-01
5.016942469534358962e-01
5.119336594502014171e-01
5.243417080473650183e-01
5.362075976194290439e-01
5.494904937343667584e-01
5.641164656160282398e-01
5.763520090688418751e-01
5.910149463385783175e-01
6.054684130758899441e-01
6.209322670872506889e-01
6.387865495274591687e-01
6.558892024101432572e-01
6.761955222593245551e-01
6.961445100237810824e-01
7.208866764419581408e-01
7.435341375358872629e-01
7.693729438002883114e-01
7.964069642791132830e-01
8.298729622829823516e-01
8.717301033798686705e-01
9.234939684808457505e-01
9.909927671057333631e-01
1.000000000000000000e+00
