0.000000000000000000e+00
3.955891806359096256e-03
7.948870098402808712e-03
1.180586460960292815e-02
1.604608613954408222e-02
1.997725362211343406e-02
2.408149137121099598e-02
2.819809128220343228e-02
3.252484794540869140e-02
3.659199920882164059e-02
4.084458290065766384e-02
4.508480443059882659e-02
4.934975028432972421e-02
5.392375018543242582e-02
5.843593927706076940e-02
6.286159323542500621e-02
6.727488503189438251e-02
7.152746872373040576e-02
7.611383078672798175e-02
8.057657123077684169e-02
8.522474410324877570e-02
8.973693319487711928e-02
9.434801958166444402e-02
9.898383029224150365e-02
1.037679869455570419e-01
1.089477327795084771e-01
1.141398407753548006e-01
1.189858082381446830e-01
1.239306729960935605e-01
1.289991593729911401e-01
1.342036295307323379e-01
1.393339267171042894e-01
1.445383968748454595e-01
1.498046778420610292e-01
1.553676506947535008e-01
1.607575532809177588e-01
1.666295801809820620e-01
1.718340503387232321e-01
1.777678880482618795e-01
1.832566879295851325e-01
1.889432824012263201e-01
1.944073579587598244e-01
2.003535578301933462e-01
2.062255847302576217e-01
2.117885575829500933e-01
2.181056223112297909e-01
2.243361519062453679e-01
2.306779409583147866e-01
2.368466597438559917e-01
2.433862433862433727e-01
2.498763783810512840e-01
2.568733620135489337e-01
2.639197942936260532e-01
2.709538644118083539e-01
2.781857291203085336e-01
2.855164911239677639e-01
2.928596152895218130e-01
3.002769124264451639e-01
3.078425555061068963e-01
3.158532364139840509e-01
3.238391929980715123e-01
3.321094793057409733e-01
3.401943331849873742e-01
3.485264303021312626e-01
3.570934084952776533e-01
3.665999109924343302e-01
3.752534243188448970e-01
3.837215052168322926e-01
3.920906888196608042e-01
4.008554616031251294e-01
4.108317262522869773e-01
4.210428719774514383e-01
4.310067744647184118e-01
4.420832715225238574e-01
4.527147307521139363e-01
4.636428818671809449e-01
4.739652870493992198e-01
4.837684814320328264e-01
4.940785244523562270e-01
5.045369134154180646e-01
5.152672699401671386e-01
5.261459724076547051e-01
5.379023883696780750e-01
5.503139989121297315e-01
5.638134797013302224e-01
5.781288631755922003e-01
5.918137763932156403e-01
6.069697868763289650e-01
6.232507540918755806e-01
6.392597537457350709e-01
6.561217425703407269e-01
6.759506502497156788e-01
6.979182119369035098e-01
7.200464817287247632e-01
7.443134055283587847e-01
7.695940266033723942e-01
7.993373881224348221e-01
8.308361766305691898e-01
8.725831973495524752e-01
9.245660881174899703e-01
9.876378381051278410e-01
1.000000000000000000e+00
