0.000000000000000000e+00
3.773259183446983026e-03
7.558849279258172439e-03
1.150474123580403664e-02
1.541364045525728428e-02
1.955682700963044113e-02
2.355204261563313001e-02
2.759658187109264096e-02
3.177676116255841871e-02
3.574731494383269481e-02
3.984117784874902785e-02
4.415699717622106890e-02
4.839883102950787164e-02
5.254201758388103022e-02
5.675918961243942712e-02
6.096403072863361416e-02
6.535383553029087966e-02
6.989161128031863568e-02
7.424442334488329243e-02
7.876986818254683165e-02
8.330764393257457379e-02
8.793173606915175022e-02
9.254349729336473762e-02
9.709360395575668268e-02
1.019026597777969584e-01
1.067487083369298428e-01
1.116317496331553638e-01
1.163791508933745972e-01
1.213608394885137554e-01
1.262068880476466537e-01
1.312625621169710433e-01
1.365155307841227073e-01
1.415218812039902851e-01
1.469844753813334681e-01
1.522497749608493489e-01
1.580822965091187027e-01
1.634339124751840455e-01
1.685882338434220862e-01
1.741494753196788925e-01
1.793777821621021784e-01
1.854815837823840519e-01
1.910551561710051027e-01
1.965424121730766915e-01
2.022023009482471489e-01
2.079978297594239078e-01
2.142126095909836492e-01
2.202917493865371168e-01
2.269134493261156515e-01
2.332268764565890162e-01
2.396019581488834371e-01
2.463099744750114062e-01
2.527097179920342329e-01
2.592820942821559282e-01
2.667176344377720776e-01
2.728460978827823569e-01
2.805899108475036208e-01
2.880254510031197146e-01
2.954116675092789968e-01
3.026005894176110322e-01
3.104800424183385421e-01
3.182115244706955615e-01
3.260786465590588823e-01
3.340074232092432593e-01
3.420841708077980714e-01
3.510734059213040936e-01
3.596803827515198115e-01
3.692615016585077403e-01
3.783987077203842531e-01
3.863398152829327636e-01
3.954276976953524647e-01
4.043676091594017308e-01
4.140227135405748493e-01
4.233695451126429088e-01
4.334808932512916879e-01
4.449239799252746597e-01
4.552819463112075526e-01
4.653932944498563318e-01
4.762198355056290744e-01
4.880945041123592731e-01
4.992539798019655639e-01
5.104381173163002883e-01
5.226827132939566578e-01
5.348163310603351039e-01
5.472582216358188312e-01
5.616853891019396583e-01
5.750151053676461066e-01
5.889613672515628950e-01
6.036104911402394579e-01
6.206764738523002922e-01
6.381123839352873528e-01
6.558812286521079615e-01
6.759436230686708402e-01
6.971527923351048539e-01
7.201622748067129098e-01
7.422962625004624337e-01
7.668594399299604181e-01
7.945793309246951264e-01
8.295004747401260037e-01
8.735341627927050157e-01
9.250773764750853667e-01
9.888651861351220873e-01
1.000000000000000000e+00
