1.149015867909135784e-05
7.698406314991210198e-02
1.179694591582309687e-01
1.541060082039732992e-01
1.884271121784191760e-01
2.176810561753857731e-01
2.440279900265422686e-01
2.712251956199515091e-01
2.935046132987096379e-01
3.163355585940642034e-01
3.340648734359021321e-01
3.545518263607220222e-01
3.726143558042536719e-01
3.900793969964725383e-01
4.049246820098585387e-01
4.206661994002137139e-01
4.374877917064034505e-01
4.524709586239386017e-01
4.660178557065873250e-01
4.799783985016833343e-01
4.936287070124438237e-01
5.062563914007652821e-01
5.197343475313394023e-01
5.320173271592880671e-01
5.445186198021394475e-01
5.558134457836862996e-01
5.665912146246739889e-01
5.783226666360262724e-01
5.893532189679538957e-01
5.996713814617780081e-01
6.098861325274902434e-01
6.193884937550987457e-01
6.287874435545954821e-01
6.383817260516367886e-01
6.473440498213279826e-01
6.569038618423320708e-01
6.649469729176959998e-01
6.731279658972090241e-01
6.814813112569084730e-01
6.890648159851087140e-01
6.971998483299054472e-01
7.052659397226275217e-01
7.124932495317760628e-01
7.208465948914754007e-01
7.279819834311911375e-01
7.348760786386460131e-01
7.423676620974135609e-01
7.496754030173157224e-01
7.564316163206213917e-01
7.631878296239270609e-01
7.698865921338373663e-01
7.765164136916731241e-01
7.827210993783824122e-01
7.890981374452781250e-01
7.949810986889729314e-01
8.013581367558686441e-01
8.075168618078615301e-01
8.136640967011754544e-01
8.196274890556238812e-01
8.253840585538486652e-01
8.306695315462306883e-01
8.360584159667244775e-01
8.413783594351438300e-01
8.470544978226148825e-01
8.526157346232950962e-01
8.582344222173707848e-01
8.636462869552228305e-01
8.685066240764784951e-01
8.733554710390550868e-01
8.783077294297434445e-01
8.832025370270363274e-01
8.882926773218737804e-01
8.930381128563384951e-01
8.977950385494823937e-01
9.024140823384770860e-01
9.069182245406809395e-01
9.111580930932655642e-01
9.155932943433948701e-01
9.203157495605014393e-01
9.244177362089370797e-01
9.286805850788799610e-01
9.329319437901437695e-01
9.371488320253702486e-01
9.411244269283358665e-01
9.451804529420551049e-01
9.490066757821925547e-01
9.530052510025163182e-01
9.567740230492582931e-01
9.603474623984556979e-01
9.638749411129368116e-01
9.673334788753432667e-01
9.708379772724661239e-01
9.741241626546862653e-01
9.775597200997345748e-01
9.808688857993128618e-01
9.840746400707793828e-01
9.871769829141340269e-01
9.904976387723914977e-01
9.936344520917833600e-01
9.968057358872125517e-01
9.998391377784927592e-01
1.000000000000000000e+00
