1.148765077541642679e-05
6.101091326823664812e-02
1.027800114876507714e-01
1.389890867317633560e-01
1.753245261344055228e-01
2.048018380241240777e-01
2.299253302699597878e-01
2.542217116599655435e-01
2.778173463526708575e-01
3.001952900631820742e-01
3.203101665709362500e-01
3.377599080987938041e-01
3.589775990809879191e-01
3.774382538770821305e-01
3.937851809304996897e-01
4.117748420448018587e-01
4.283285468121769135e-01
4.438828259620907768e-01
4.585985066053991921e-01
4.721998851234922578e-01
4.865824238943136093e-01
5.002527283170591366e-01
5.136473291211947068e-01
5.251349798966111759e-01
5.373693279724296445e-01
5.483055715106260886e-01
5.589201608271108235e-01
5.697989661114302162e-01
5.800344629523263018e-01
5.900746697300401911e-01
6.012636415852957716e-01
6.118093049971280450e-01
6.211717403790925074e-01
6.304192992533026452e-01
6.400574382538770646e-01
6.497759908098793558e-01
6.597472716829407835e-01
6.691441700172314766e-01
6.779207352096495720e-01
6.853187823090177710e-01
6.933371625502584568e-01
7.014359563469270142e-01
7.090867317633543498e-01
7.172429638139000696e-01
7.250890292935094905e-01
7.323147616312464248e-01
7.394026421596783250e-01
7.468925904652498060e-01
7.541298104537621505e-01
7.613785180930500163e-01
7.691901206203330954e-01
7.756461803561172097e-01
7.824583572659391528e-01
7.890637564618036004e-01
7.957610568638713300e-01
8.017346352670878806e-01
8.075014359563469357e-01
8.138311315336014262e-01
8.194945433658816780e-01
8.255944859276278525e-01
8.312234348075818735e-01
8.367834577828834330e-01
8.425617461229178984e-01
8.481677197013210989e-01
8.540723721998850770e-01
8.594026421596783205e-01
8.647099368179207435e-01
8.698908673176335427e-01
8.749684089603676496e-01
8.800459506031016454e-01
8.852039058012636241e-01
8.897874784606547571e-01
8.942676622630671979e-01
8.990580126364158264e-01
9.037219988512349422e-01
9.081562320505456309e-01
9.126019529006318409e-01
9.168064330844342136e-01
9.209879379666857657e-01
9.251349798966111981e-01
9.295347501435956561e-01
9.336243538196439262e-01
9.376909821941412648e-01
9.420448018380240818e-01
9.460654796094198904e-01
9.498334290637564514e-01
9.537507179781734568e-01
9.574267662263067358e-01
9.611947156806432968e-01
9.647903503733487041e-01
9.685123492245836241e-01
9.720850086157380998e-01
9.754623779437104902e-01
9.789201608271108634e-01
9.822745548535324334e-01
9.855600229753015418e-01
9.886502010338885649e-01
9.917633543940264085e-01
9.945548535324526540e-01
9.972199885123492757e-01
9.996783457782882909e-01
1.000000000000000000e+00
